## code to prepare `TS.sim_new` dataset goes here

TS.sim.new <- structure(list(
  SubjectID = c(1626L, 1626L, 1626L, 1626L, 1626L,
                1626L, 1626L, 1626L, 1626L, 1626L, 1627L, 1627L, 1627L, 1627L,
                1627L, 1627L, 1627L, 1627L, 1627L, 1629L, 1629L, 1629L, 1629L,
                1629L, 1629L, 1634L, 1634L, 1634L, 1634L, 1634L, 1634L, 1634L,
                1634L, 1634L, 1634L, 1634L, 1634L, 1634L, 1634L, 1634L, 1634L,
                1634L, 1634L, 1641L, 1641L, 1641L, 1641L, 1641L, 1641L, 1641L,
                1641L, 1641L, 1650L, 1650L, 1650L, 1650L, 1650L, 1650L, 1652L,
                1652L, 1652L, 1652L, 1652L, 1652L, 1652L, 1652L, 1652L, 1652L,
                1652L, 1652L, 1652L, 1655L, 1655L, 1655L, 1655L, 1655L, 1655L,
                1655L, 1655L, 1655L, 1655L, 1655L, 1674L, 1674L, 1674L, 1674L,
                1674L, 1674L, 1678L, 1678L, 1678L, 1678L, 1678L, 1678L, 1678L,
                1678L, 1678L, 1678L, 1678L, 1678L, 1686L, 1686L, 1686L, 1686L,
                1686L, 1686L, 1686L, 1686L, 1686L, 1686L, 1693L, 1693L, 1693L,
                1693L, 1693L, 1693L, 1693L, 1701L, 1701L, 1701L, 1701L, 1701L,
                1701L, 1701L, 1701L, 1720L, 1720L, 1720L, 1720L, 1720L, 1720L,
                1720L, 1720L, 1720L, 1720L, 1720L, 1720L, 1720L, 1722L, 1722L,
                1722L, 1722L, 1722L, 1722L, 1722L, 1722L, 1722L, 1722L, 1722L,
                1722L, 1745L, 1745L, 1745L, 1745L, 1745L, 1745L, 1745L, 1745L,
                1745L, 1745L, 1745L, 1745L, 1745L, 1745L, 1745L, 1745L, 1745L,
                1745L, 1746L, 1746L, 1746L, 1746L, 1746L, 1746L, 1746L, 1746L,
                1746L, 1746L, 1746L, 1746L, 1772L, 1772L, 1772L, 1772L, 1772L,
                1772L, 1772L, 1772L, 1772L, 1772L, 1772L, 1772L, 1787L, 1787L,
                1787L, 1787L, 1787L, 1787L, 1787L, 1787L, 1787L, 1787L, 1787L,
                1787L, 1787L, 1787L, 1792L, 1792L, 1792L, 1792L, 1792L, 1792L,
                1792L, 1792L, 1792L, 1792L, 1792L, 1792L, 1792L, 1792L, 1861L,
                1861L, 1861L, 1861L, 1861L, 1861L, 1868L, 1868L, 1868L, 1868L,
                1868L, 1868L, 1868L, 1868L, 1868L, 1868L, 1868L, 1868L, 1868L,
                1868L, 1888L, 1888L, 1888L, 1888L, 1888L, 1888L, 1888L, 1915L,
                1915L, 1915L, 1915L, 1915L, 1915L, 1915L, 1915L, 1915L, 1915L,
                1929L, 1929L, 1929L, 1929L, 1929L, 1929L, 1929L, 1929L, 1929L,
                1929L, 1929L, 1929L, 1929L, 1929L, 1929L, 1929L, 1929L, 1929L,
                1953L, 1953L, 1953L, 1953L, 1953L, 1953L, 1953L, 1953L, 1953L,
                1953L, 1953L, 1953L, 1967L, 1967L, 1967L, 1967L, 1967L, 1967L,
                1967L, 1967L, 1967L, 1967L, 1967L, 1967L, 1967L, 1967L, 1980L,
                1980L, 1980L, 1980L, 1980L, 1980L, 1980L, 1980L, 1980L, 1980L,
                1980L, 1990L, 1990L, 1990L, 1990L, 1990L, 1990L, 1990L, 1990L,
                1990L, 1990L, 1990L, 1990L, 1990L, 1991L, 1991L, 1991L, 1991L,
                1991L, 1991L, 1991L, 1991L, 1991L),
  Time = c(0, 14, 28, 38, 109,
           230, 241, 318, 350, 364, 0, 102, 160, 164, 169, 221, 274, 361,
           364, 0, 169, 196, 262, 350, 364, 0, 41, 57, 58, 60, 62, 96, 108,
           122, 212, 256, 268, 272, 275, 279, 280, 321, 364, 0, 25, 32,
           71, 147, 198, 216, 221, 364, 0, 29, 91, 160, 353, 364, 0, 12,
           57, 59, 85, 119, 202, 234, 235, 299, 329, 357, 364, 0, 67, 76,
           152, 160, 234, 282, 321, 331, 358, 364, 0, 63, 179, 202, 216,
           364, 0, 19, 30, 42, 115, 122, 131, 207, 249, 302, 311, 364, 0,
           111, 114, 128, 140, 229, 244, 266, 347, 364, 0, 43, 64, 107,
           221, 351, 364, 0, 50, 76, 124, 232, 260, 315, 364, 0, 92, 112,
           113, 167, 231, 300, 302, 307, 320, 325, 335, 364, 0, 34, 225,
           230, 232, 264, 270, 288, 294, 335, 350, 364, 0, 101, 126, 134,
           143, 170, 177, 184, 200, 224, 237, 256, 259, 286, 323, 326, 334,
           364, 0, 13, 28, 56, 64, 78, 95, 102, 305, 330, 337, 364, 0, 3,
           7, 12, 46, 53, 60, 100, 121, 274, 309, 364, 0, 21, 87, 106, 160,
           184, 188, 222, 240, 260, 298, 353, 357, 364, 0, 7, 25, 48, 141,
           145, 199, 202, 239, 257, 260, 304, 342, 364, 0, 10, 114, 137,
           294, 364, 0, 20, 57, 77, 139, 142, 209, 229, 231, 242, 271, 333,
           339, 364, 0, 25, 73, 132, 347, 350, 364, 0, 2, 33, 137, 191,
           197, 211, 254, 284, 364, 0, 51, 61, 68, 97, 106, 127, 134, 171,
           206, 229, 264, 283, 297, 315, 322, 343, 364, 0, 18, 80, 122,
           184, 194, 247, 249, 333, 338, 345, 364, 0, 39, 49, 93, 141, 213,
           221, 235, 239, 247, 331, 337, 351, 364, 0, 17, 38, 63, 159, 210,
           258, 277, 315, 356, 364, 0, 46, 47, 79, 111, 148, 150, 164, 181,
           254, 270, 361, 364, 0, 125, 150, 206, 276, 286, 300, 314, 364
  ),
  Var1 = c(6.1, 5.3, 5.2, 6.3, 6.9, 6.9, 8.6, 6.6, 7, 9.5, 9.3,
           5.6, 3.9, 2.1, 3.8, 4.5, 10.8, 12, 13.3, 9, 4, 4.4, 9.8, 11.2,
           11.1, 6.6, 7.9, 8.2, 6.8, 7.9, 6.9, 9, 8.3, 7.2, 8.1, 8.4, 7.3,
           7.5, 9.9, 8.9, 9.2, 9.5, 8, 7.4, 38.8, 8, 7.7, 7.2, 4.7, 5, 5.7,
           9.2, 7, 7, 9.8, 7.7, 9.6, 8.7, 6.1, 5.5, 4.3, 4.8, 6.6, 21.2,
           3.7, 4.5, 3.5, 6.6, 6.4, 5.7, 7.5, 8.6, 8.1, 8.1, 6.6, 4.9, 6.8,
           6.6, 8.3, 35.7, 10.7, 11, 8, 6.8, 2, 4, 5.5, 10.8, 6, 7.1, 8.4,
           7.6, 5.7, 8.8, 7.9, 9.8, 8, 8.3, 8.9, 7.6, 6.4, 6.7, 7.6, 7.6,
           7.8, 7.9, 8.2, 8, 8.5, 9.6, 10.1, 9.7, 7.9, 4.1, 6.3, 10.5, 10.3,
           8.2, 5.2, 4.7, 1.7, 3.7, 8.3, 9.7, 8.1, 7.4, 9.5, 9.4, 7.5, 11,
           10.5, 8.2, 8.7, 8.4, 8.4, 10.7, 8.3, 7.2, 10.9, 10.7, 6.9, 6.8,
           6.6, 8, 7.2, 7.2, 9.1, 9.8, 11.5, 12.5, 6.7, 7.2, 7.8, 6.1, 8.2,
           9.2, 7.6, 8.4, 7.9, 8.7, 9.2, 8.3, 8.3, 8.4, 9, 8.9, 10.2, 6.9,
           7.5, 6.1, 7.1, 4.8, 8, 6.5, 6.9, 7.9, 5.3, 6.3, 7.6, 8.3, 6.3,
           7.5, 6, 7.7, 6.2, 5.6, 7.6, 7.3, 5.4, 6.9, 4.5, 9.7, 8.3, 7.9,
           7.9, 10.3, 10.1, 9.4, 9.3, 10.5, 10.8, 8.5, 9.6, 8.9, 10.8, 11.3,
           7.9, 8, 6.4, 8.3, 8.3, 3.9, 7.1, 1.9, 4.8, 8.1, 6.7, 7.7, 8.3,
           10.3, 6.5, 6.7, 5.6, 4.6, 5.9, 8.5, 10, 8.3, 6, 6.6, 1.8, 2,
           4, 6.6, 6, 7.6, 9.1, 10.5, 9.5, 11.3, 7.8, 9, 5.4, 5.7, 8.2,
           8.6, 11.1, 10.4, 10, 10.9, 8.2, 8.7, 6.7, 9.5, 8.2, 10.1, 12,
           10.5, 8.8, 8.6, 5.8, 6.7, 5, 2.2, 4.1, 2.9, 7.3, 7.3, 11, 10.4,
           11.6, 13.1, 15.3, 13.5, 12.8, 8.1, 6.5, 8, 6.1, 6.7, 6.2, 4.1,
           3.6, 8.9, 7.9, 6.8, 11.2, 8.8, 11.4, 10.8, 10.4, 6.8, 8.3, 6.8,
           7.1, 7.4, 7.3, 10, 10.1, 10.2, 12.2, 6.8, 5.9, 5.3, 8.9, 8.4,
           10.2, 8.1, 9.9, 8.4, 8.6, 9.7, 8.8, 9.4, 9.5, 8.7, 9.2, 7.1,
           7.9, 5.5, 6.3, 8.2, 6.5, 9.9, 9.8, 9.2, 4.3, 4.3, 5.4, 12.3,
           13.7, 11.3, 12.2, 11.1),